2 - [0.01606426 0.24325978 0.21852134 0.07599899 0.87594987]
	[0.02930403 0.3802069  0.35035173 0.12295162 0.93250404]
	[0.01606426 0.26848583 0.24392379 0.58033414 0.92699725]
	[1.         0.99855932 0.99863075 0.99977422 0.99910416]
	mAp=0.05558510898986338
5 - [0.02240896 0.2434333  0.22473339 0.07599899 0.87594987]
	[0.03950617 0.38049532 0.35198528 0.12295162 0.93250404]
	[0.18907563 0.26870019 0.25312144 0.58033414 0.92699725]
	[1.         0.99855935 0.99862271 0.99977422 0.99910416]
	mAp=0.09034983460381284
10 - [0.05673759 0.25127074 0.25080235 0.07599899 0.87594987]
	[0.08465608 0.38983978 0.38377779 0.12295162 0.93250404]
	[0.22340426 0.27881765 0.45362354 0.58033414 0.92699725]
	[1.         0.99855177 0.83195631 0.99977422 0.99910416]
	mAp=0.1441706904683783
